BLOCK MODSEL
     1             1
#
BLOCK SMINPUTS
     1     1.27954960e+02
     2     1.16637870e-05
     3     1.18100000e-01
     4     9.11876000e+01
     5     4.18000000e+00
     6     1.73000000e+02
     7     1.77686000e+00
    11     5.10998946e-04
    13     1.05658375e-01
    21     4.70000000e-03
    22     2.20000000e-03
    23     9.50000000e-02
    24     1.27500000e+00
#
BLOCK MINPAR
     3     4.00000000e+01
#
BLOCK EXTPAR
     0     2.00000000e+02
     1     5.90000000e+02
     2     1.18000000e+03
     3     3.00000000e+03
    11             0e+00
    12             0e+00
    13             0e+00
    23     2.36000000e+03
    26     3.00000000e+03
    31     1.20000000e+03
    32     1.20000000e+03
    33     1.20000000e+03
    34     3.00000000e+03
    35     3.00000000e+03
    36     3.00000000e+03
    41     3.00000000e+03
    42     3.00000000e+03
    43     3.00000000e+03
    44     3.00000000e+03
    45     3.00000000e+03
    46     3.00000000e+03
    47     3.00000000e+03
    48     3.00000000e+03
    49     3.00000000e+03
#
BLOCK SPHENOLOWENERGY
    21     2.42700350e-10
#
BLOCK GM2MASSINSERTION
     1     2.02905228e-10
     2     2.08536170e-11
     3    -4.55349021e-12
     4     1.46375217e-11
